package com.chuxu.BackTrackingAlgorithmWithReduction.part01_preHandleData.RandomCase;

import com.chuxu.entity.Facility;

import java.text.DecimalFormat;
import java.util.Arrays;
import java.util.LinkedHashSet;

public class N45 {
    public static int dimension = 45;
    public static final double[] ci =
            {484.0, 904.0, 1058.0, 1036.0, 875.0, 909.0, 378.0, 1026.0, 708.0, 452.0, 966.0, 829.0, 1146.0, 1028.0, 407.0, 759.0, 1131.0, 363.0, 272.0, 930.0, 1161.0, 265.0, 912.0, 277.0, 349.0, 874.0, 356.0, 784.0, 1188.0, 842.0, 224.0, 316.0, 1027.0, 1048.0, 821.0, 1157.0, 884.0, 1157.0, 465.0, 530.0, 1145.0, 660.0, 1132.0, 473.0, 565.0};
    public static final double[] pi =
            {606.0, 1042.0, 665.0, 736.0, 395.0, 953.0, 1170.0, 973.0, 201.0, 477.0, 515.0, 323.0, 915.0, 1109.0, 446.0, 899.0, 785.0, 296.0, 428.0, 926.0, 400.0, 554.0, 1012.0, 606.0, 1051.0, 997.0, 522.0, 841.0, 341.0, 848.0, 217.0, 517.0, 780.0, 811.0, 657.0, 381.0, 447.0, 352.0, 225.0, 922.0, 1152.0, 523.0, 1117.0, 945.0, 379.0};
    public static final LinkedHashSet<Facility> V = new LinkedHashSet<>();
    public static double[][] disMatrix = {
            {0.00, 198.87, 168.46, 165.09, 93.38, 188.60, 89.77, 146.09, 115.73, 93.85, 198.58, 119.94, 132.67, 191.37, 104.29, 184.04, 196.16, 151.29, 189.20, 151.38, 162.47, 105.08, 135.76, 133.99, 92.71, 102.02, 130.83, 102.23, 122.46, 156.89, 146.09, 159.27, 198.47, 133.21, 97.03, 103.33, 150.57, 161.27, 170.65, 196.99, 101.47, 119.03, 102.57, 164.11, 94.62},
            {198.87, 0.00, 146.75, 119.59, 88.74, 122.30, 142.48, 121.79, 139.39, 141.56, 175.66, 140.95, 123.28, 174.44, 159.95, 177.82, 151.56, 82.31, 103.98, 150.94, 165.52, 80.49, 170.30, 82.82, 137.36, 159.98, 177.56, 166.95, 135.91, 107.03, 120.15, 120.03, 98.50, 119.64, 151.91, 108.63, 194.63, 151.21, 127.12, 147.92, 145.40, 187.54, 171.82, 162.72, 94.60},
            {168.46, 146.75, 0.00, 122.09, 192.68, 156.87, 173.08, 177.71, 197.91, 196.84, 197.63, 129.50, 166.45, 179.06, 118.64, 153.92, 196.53, 97.89, 198.01, 83.62, 153.53, 121.77, 99.43, 105.05, 100.00, 180.53, 147.56, 138.07, 146.66, 124.78, 121.12, 81.69, 133.64, 121.05, 126.53, 199.62, 94.92, 152.19, 154.93, 112.13, 96.55, 182.31, 94.48, 117.33, 90.70},
            {165.09, 119.59, 122.09, 0.00, 199.28, 93.28, 85.50, 172.65, 125.00, 165.42, 154.25, 146.57, 124.63, 82.92, 180.20, 118.87, 110.93, 141.37, 174.56, 143.89, 188.31, 84.95, 165.48, 187.13, 133.58, 168.58, 89.11, 84.86, 166.28, 180.84, 134.25, 86.79, 181.56, 90.62, 172.39, 89.58, 101.71, 173.69, 94.90, 124.36, 130.33, 142.63, 133.83, 90.07, 143.51},
            {93.38, 88.74, 192.68, 199.28, 0.00, 183.92, 80.31, 167.20, 187.76, 140.83, 176.45, 162.80, 192.70, 128.71, 181.94, 147.81, 108.84, 111.58, 105.82, 191.49, 106.95, 84.27, 186.84, 95.59, 105.19, 174.24, 142.25, 101.94, 163.85, 80.24, 85.80, 112.65, 164.74, 161.93, 159.27, 140.55, 193.37, 185.47, 110.40, 140.50, 167.00, 94.54, 101.28, 98.31, 139.86},
            {188.60, 122.30, 156.87, 93.28, 183.92, 0.00, 94.30, 186.98, 114.24, 89.54, 128.16, 163.35, 131.91, 164.28, 92.63, 165.59, 171.03, 110.97, 195.12, 186.29, 103.75, 106.93, 153.01, 171.75, 129.56, 86.08, 178.86, 149.63, 152.52, 81.20, 177.89, 99.09, 127.20, 178.39, 177.90, 195.89, 196.13, 158.94, 120.35, 170.85, 131.60, 145.78, 83.13, 88.74, 178.63},
            {89.77, 142.48, 173.08, 85.50, 80.31, 94.30, 0.00, 137.68, 181.43, 88.03, 153.39, 84.57, 122.51, 198.26, 142.90, 170.37, 113.38, 192.47, 136.78, 187.51, 97.62, 136.20, 80.81, 188.03, 167.94, 182.51, 94.68, 101.18, 106.02, 194.13, 142.54, 155.81, 138.95, 189.39, 125.23, 178.29, 173.92, 87.56, 136.88, 112.80, 178.50, 172.36, 96.18, 110.26, 93.10},
            {146.09, 121.79, 177.71, 172.65, 167.20, 186.98, 137.68, 0.00, 98.97, 164.02, 176.33, 135.80, 100.32, 134.18, 175.66, 186.50, 142.64, 172.86, 120.91, 198.02, 178.14, 85.34, 169.90, 156.64, 104.40, 104.21, 92.52, 122.29, 165.51, 104.17, 111.71, 161.04, 159.09, 151.89, 88.58, 138.10, 106.32, 117.21, 131.73, 128.91, 158.84, 103.27, 184.18, 149.39, 136.57},
            {115.73, 139.39, 197.91, 125.00, 187.76, 114.24, 181.43, 98.97, 0.00, 138.37, 98.94, 83.32, 95.10, 111.05, 154.91, 135.35, 188.71, 82.65, 170.06, 183.07, 187.32, 117.99, 176.86, 119.36, 80.48, 154.75, 117.76, 188.48, 141.37, 106.24, 114.22, 145.19, 146.08, 159.61, 122.78, 125.27, 150.57, 133.13, 94.98, 129.68, 197.83, 191.29, 105.74, 110.85, 122.30},
            {93.85, 141.56, 196.84, 165.42, 140.83, 89.54, 88.03, 164.02, 138.37, 0.00, 104.97, 185.11, 91.13, 156.04, 147.20, 103.92, 97.13, 123.30, 110.72, 121.79, 82.63, 195.32, 104.12, 148.55, 194.15, 146.37, 127.14, 96.18, 149.51, 85.09, 142.94, 168.05, 108.72, 91.71, 97.26, 125.98, 180.23, 192.39, 158.69, 112.69, 102.25, 165.73, 93.75, 148.57, 149.73},
            {198.58, 175.66, 197.63, 154.25, 176.45, 128.16, 153.39, 176.33, 98.94, 104.97, 0.00, 164.91, 102.77, 166.23, 142.05, 130.21, 189.03, 114.98, 84.71, 102.18, 173.81, 99.81, 190.31, 185.07, 163.70, 115.14, 189.87, 172.92, 144.21, 93.81, 164.94, 177.34, 175.23, 115.10, 164.39, 186.59, 158.76, 102.90, 176.49, 99.66, 178.36, 116.38, 127.89, 176.94, 92.35},
            {119.94, 140.95, 129.50, 146.57, 162.80, 163.35, 84.57, 135.80, 83.32, 185.11, 164.91, 0.00, 149.94, 115.44, 190.96, 119.16, 138.25, 85.07, 85.69, 103.28, 124.10, 94.00, 182.60, 194.30, 173.06, 168.22, 144.20, 128.93, 88.69, 156.67, 142.62, 137.38, 175.46, 86.90, 101.20, 180.62, 94.21, 103.77, 121.34, 123.89, 175.60, 83.86, 154.45, 84.25, 82.01},
            {132.67, 123.28, 166.45, 124.63, 192.70, 131.91, 122.51, 100.32, 95.10, 91.13, 102.77, 149.94, 0.00, 182.18, 151.13, 156.76, 157.10, 86.66, 114.34, 103.48, 134.06, 187.46, 143.35, 103.87, 90.11, 133.92, 197.42, 192.20, 154.37, 191.68, 95.43, 189.60, 179.83, 145.61, 157.78, 92.95, 137.41, 141.00, 91.08, 91.91, 101.24, 136.62, 94.33, 128.11, 169.08},
            {191.37, 174.44, 179.06, 82.92, 128.71, 164.28, 198.26, 134.18, 111.05, 156.04, 166.23, 115.44, 182.18, 0.00, 157.38, 86.57, 106.67, 100.22, 82.66, 181.85, 160.42, 175.70, 168.58, 106.08, 191.15, 151.67, 117.84, 83.81, 109.71, 186.40, 160.65, 179.02, 168.17, 115.15, 93.16, 155.01, 162.46, 104.49, 97.14, 102.38, 82.70, 138.33, 195.02, 91.89, 160.95},
            {104.29, 159.95, 118.64, 180.20, 181.94, 92.63, 142.90, 175.66, 154.91, 147.20, 142.05, 190.96, 151.13, 157.38, 0.00, 173.27, 139.28, 101.06, 92.76, 108.92, 153.08, 198.50, 88.68, 111.58, 151.30, 129.06, 146.07, 105.37, 116.62, 146.25, 118.85, 84.88, 145.12, 144.58, 84.49, 107.01, 188.66, 95.15, 162.52, 106.91, 108.73, 122.04, 127.64, 133.83, 197.00},
            {184.04, 177.82, 153.92, 118.87, 147.81, 165.59, 170.37, 186.50, 135.35, 103.92, 130.21, 119.16, 156.76, 86.57, 173.27, 0.00, 194.75, 83.27, 137.85, 92.23, 153.88, 157.71, 96.67, 111.52, 152.55, 95.03, 174.09, 136.07, 185.14, 97.01, 108.02, 106.79, 108.08, 169.72, 135.23, 135.45, 153.88, 99.96, 114.13, 139.33, 120.31, 191.65, 103.79, 125.24, 140.28},
            {196.16, 151.56, 196.53, 110.93, 108.84, 171.03, 113.38, 142.64, 188.71, 97.13, 189.03, 138.25, 157.10, 106.67, 139.28, 194.75, 0.00, 151.42, 138.66, 138.74, 166.70, 105.07, 183.09, 179.54, 157.44, 132.83, 178.58, 141.80, 181.58, 171.91, 108.68, 110.26, 86.94, 128.09, 142.65, 88.98, 171.99, 166.23, 98.95, 138.69, 171.91, 170.76, 132.88, 112.26, 118.85},
            {151.29, 82.31, 97.89, 141.37, 111.58, 110.97, 192.47, 172.86, 82.65, 123.30, 114.98, 85.07, 86.66, 100.22, 101.06, 83.27, 151.42, 0.00, 82.13, 140.21, 144.54, 110.85, 104.45, 199.68, 133.84, 121.57, 161.89, 91.88, 166.51, 104.93, 137.86, 170.91, 144.65, 193.86, 121.06, 147.09, 178.61, 161.88, 186.51, 185.46, 162.07, 108.91, 117.11, 134.31, 196.56},
            {189.20, 103.98, 198.01, 174.56, 105.82, 195.12, 136.78, 120.91, 170.06, 110.72, 84.71, 85.69, 114.34, 82.66, 92.76, 137.85, 138.66, 82.13, 0.00, 109.43, 82.64, 191.75, 96.00, 81.79, 158.52, 135.42, 118.34, 161.16, 125.06, 181.71, 142.53, 107.09, 80.93, 125.58, 173.27, 107.88, 150.76, 80.51, 194.38, 119.70, 87.01, 90.62, 123.64, 157.39, 139.87},
            {151.38, 150.94, 83.62, 143.89, 191.49, 186.29, 187.51, 198.02, 183.07, 121.79, 102.18, 103.28, 103.48, 181.85, 108.92, 92.23, 138.74, 140.21, 109.43, 0.00, 162.85, 147.41, 176.84, 196.98, 187.16, 193.36, 115.67, 115.73, 135.87, 132.30, 129.11, 106.23, 181.06, 127.58, 112.40, 131.88, 99.47, 90.82, 198.75, 137.01, 189.68, 137.74, 103.83, 87.55, 144.38},
            {162.47, 165.52, 153.53, 188.31, 106.95, 103.75, 97.62, 178.14, 187.32, 82.63, 173.81, 124.10, 134.06, 160.42, 153.08, 153.88, 166.70, 144.54, 82.64, 162.85, 0.00, 185.60, 192.86, 160.67, 103.35, 196.07, 95.94, 103.39, 178.41, 82.97, 149.74, 117.42, 131.59, 173.88, 180.87, 179.36, 161.45, 97.78, 86.16, 150.07, 149.45, 107.88, 109.63, 166.12, 119.64},
            {105.08, 80.49, 121.77, 84.95, 84.27, 106.93, 136.20, 85.34, 117.99, 195.32, 99.81, 94.00, 187.46, 175.70, 198.50, 157.71, 105.07, 110.85, 191.75, 147.41, 185.60, 0.00, 139.68, 143.70, 198.72, 109.59, 148.60, 193.91, 152.06, 179.10, 109.85, 181.88, 132.90, 95.40, 135.28, 80.21, 197.32, 169.86, 147.52, 176.39, 88.01, 180.75, 91.38, 128.97, 176.85},
            {135.76, 170.30, 99.43, 165.48, 186.84, 153.01, 80.81, 169.90, 176.86, 104.12, 190.31, 182.60, 143.35, 168.58, 88.68, 96.67, 183.09, 104.45, 96.00, 176.84, 192.86, 139.68, 0.00, 180.33, 115.58, 170.02, 102.80, 171.82, 84.98, 81.93, 163.86, 112.78, 144.25, 114.56, 104.41, 176.38, 88.15, 170.50, 135.79, 160.36, 122.30, 91.45, 118.00, 96.14, 139.72},
            {133.99, 82.82, 105.05, 187.13, 95.59, 171.75, 188.03, 156.64, 119.36, 148.55, 185.07, 194.30, 103.87, 106.08, 111.58, 111.52, 179.54, 199.68, 81.79, 196.98, 160.67, 143.70, 180.33, 0.00, 128.20, 94.18, 196.12, 134.85, 109.26, 127.40, 127.56, 185.48, 120.16, 160.31, 174.44, 157.07, 145.85, 123.68, 186.52, 80.16, 192.49, 118.37, 195.38, 102.97, 173.36},
            {92.71, 137.36, 100.00, 133.58, 105.19, 129.56, 167.94, 104.40, 80.48, 194.15, 163.70, 173.06, 90.11, 191.15, 151.30, 152.55, 157.44, 133.84, 158.52, 187.16, 103.35, 198.72, 115.58, 128.20, 0.00, 188.25, 162.48, 145.31, 154.78, 187.69, 112.46, 158.44, 173.81, 127.33, 177.48, 187.36, 158.35, 156.06, 154.25, 157.87, 183.36, 124.33, 175.43, 190.09, 103.54},
            {102.02, 159.98, 180.53, 168.58, 174.24, 86.08, 182.51, 104.21, 154.75, 146.37, 115.14, 168.22, 133.92, 151.67, 129.06, 95.03, 132.83, 121.57, 135.42, 193.36, 196.07, 109.59, 170.02, 94.18, 188.25, 0.00, 155.49, 100.29, 153.53, 193.27, 187.05, 117.30, 165.66, 118.76, 152.41, 101.82, 156.81, 125.34, 156.35, 167.50, 158.47, 184.41, 173.97, 147.77, 180.74},
            {130.83, 177.56, 147.56, 89.11, 142.25, 178.86, 94.68, 92.52, 117.76, 127.14, 189.87, 144.20, 197.42, 117.84, 146.07, 174.09, 178.58, 161.89, 118.34, 115.67, 95.94, 148.60, 102.80, 196.12, 162.48, 155.49, 0.00, 130.06, 152.85, 167.07, 106.08, 124.62, 81.98, 126.45, 182.88, 165.16, 168.71, 119.04, 131.36, 139.74, 136.50, 183.49, 137.80, 122.74, 180.88},
            {102.23, 166.95, 138.07, 84.86, 101.94, 149.63, 101.18, 122.29, 188.48, 96.18, 172.92, 128.93, 192.20, 83.81, 105.37, 136.07, 141.80, 91.88, 161.16, 115.73, 103.39, 193.91, 171.82, 134.85, 145.31, 100.29, 130.06, 0.00, 81.52, 190.13, 162.53, 140.57, 146.38, 138.41, 122.87, 152.71, 173.87, 188.51, 191.13, 147.88, 176.24, 95.36, 141.60, 160.66, 111.55},
            {122.46, 135.91, 146.66, 166.28, 163.85, 152.52, 106.02, 165.51, 141.37, 149.51, 144.21, 88.69, 154.37, 109.71, 116.62, 185.14, 181.58, 166.51, 125.06, 135.87, 178.41, 152.06, 84.98, 109.26, 154.78, 153.53, 152.85, 81.52, 0.00, 154.15, 181.67, 105.12, 157.07, 193.69, 91.38, 192.70, 115.08, 195.59, 153.50, 150.69, 163.20, 176.00, 181.91, 155.27, 148.44},
            {156.89, 107.03, 124.78, 180.84, 80.24, 81.20, 194.13, 104.17, 106.24, 85.09, 93.81, 156.67, 191.68, 186.40, 146.25, 97.01, 171.91, 104.93, 181.71, 132.30, 82.97, 179.10, 81.93, 127.40, 187.69, 193.27, 167.07, 190.13, 154.15, 0.00, 134.05, 110.06, 81.49, 175.22, 111.30, 99.27, 175.35, 112.68, 161.66, 128.35, 129.56, 124.88, 178.79, 131.41, 114.54},
            {146.09, 120.15, 121.12, 134.25, 85.80, 177.89, 142.54, 111.71, 114.22, 142.94, 164.94, 142.62, 95.43, 160.65, 118.85, 108.02, 108.68, 137.86, 142.53, 129.11, 149.74, 109.85, 163.86, 127.56, 112.46, 187.05, 106.08, 162.53, 181.67, 134.05, 0.00, 169.83, 190.60, 159.91, 180.21, 179.57, 145.82, 197.91, 121.71, 162.94, 147.18, 196.31, 113.43, 126.67, 89.18},
            {159.27, 120.03, 81.69, 86.79, 112.65, 99.09, 155.81, 161.04, 145.19, 168.05, 177.34, 137.38, 189.60, 179.02, 84.88, 106.79, 110.26, 170.91, 107.09, 106.23, 117.42, 181.88, 112.78, 185.48, 158.44, 117.30, 124.62, 140.57, 105.12, 110.06, 169.83, 0.00, 91.98, 121.10, 127.41, 135.14, 162.22, 140.26, 108.36, 99.04, 192.72, 122.36, 199.36, 142.45, 128.81},
            {198.47, 98.50, 133.64, 181.56, 164.74, 127.20, 138.95, 159.09, 146.08, 108.72, 175.23, 175.46, 179.83, 168.17, 145.12, 108.08, 86.94, 144.65, 80.93, 181.06, 131.59, 132.90, 144.25, 120.16, 173.81, 165.66, 81.98, 146.38, 157.07, 81.49, 190.60, 91.98, 0.00, 155.81, 187.27, 94.55, 135.52, 149.55, 176.28, 195.72, 150.67, 160.75, 93.55, 190.66, 158.68},
            {133.21, 119.64, 121.05, 90.62, 161.93, 178.39, 189.39, 151.89, 159.61, 91.71, 115.10, 86.90, 145.61, 115.15, 144.58, 169.72, 128.09, 193.86, 125.58, 127.58, 173.88, 95.40, 114.56, 160.31, 127.33, 118.76, 126.45, 138.41, 193.69, 175.22, 159.91, 121.10, 155.81, 0.00, 175.49, 95.52, 96.53, 139.05, 112.91, 173.69, 165.01, 154.09, 118.49, 106.12, 183.82},
            {97.03, 151.91, 126.53, 172.39, 159.27, 177.90, 125.23, 88.58, 122.78, 97.26, 164.39, 101.20, 157.78, 93.16, 84.49, 135.23, 142.65, 121.06, 173.27, 112.40, 180.87, 135.28, 104.41, 174.44, 177.48, 152.41, 182.88, 122.87, 91.38, 111.30, 180.21, 127.41, 187.27, 175.49, 0.00, 94.58, 120.65, 151.72, 84.41, 120.09, 107.93, 99.45, 156.65, 92.16, 119.90},
            {103.33, 108.63, 199.62, 89.58, 140.55, 195.89, 178.29, 138.10, 125.27, 125.98, 186.59, 180.62, 92.95, 155.01, 107.01, 135.45, 88.98, 147.09, 107.88, 131.88, 179.36, 80.21, 176.38, 157.07, 187.36, 101.82, 165.16, 152.71, 192.70, 99.27, 179.57, 135.14, 94.55, 95.52, 94.58, 0.00, 143.06, 99.88, 104.27, 175.55, 194.00, 101.43, 161.29, 126.38, 111.72},
            {150.57, 194.63, 94.92, 101.71, 193.37, 196.13, 173.92, 106.32, 150.57, 180.23, 158.76, 94.21, 137.41, 162.46, 188.66, 153.88, 171.99, 178.61, 150.76, 99.47, 161.45, 197.32, 88.15, 145.85, 158.35, 156.81, 168.71, 173.87, 115.08, 175.35, 145.82, 162.22, 135.52, 96.53, 120.65, 143.06, 0.00, 89.69, 154.48, 119.17, 199.94, 98.02, 114.57, 144.94, 111.11},
            {161.27, 151.21, 152.19, 173.69, 185.47, 158.94, 87.56, 117.21, 133.13, 192.39, 102.90, 103.77, 141.00, 104.49, 95.15, 99.96, 166.23, 161.88, 80.51, 90.82, 97.78, 169.86, 170.50, 123.68, 156.06, 125.34, 119.04, 188.51, 195.59, 112.68, 197.91, 140.26, 149.55, 139.05, 151.72, 99.88, 89.69, 0.00, 99.46, 105.68, 195.42, 178.90, 88.65, 127.54, 167.47},
            {170.65, 127.12, 154.93, 94.90, 110.40, 120.35, 136.88, 131.73, 94.98, 158.69, 176.49, 121.34, 91.08, 97.14, 162.52, 114.13, 98.95, 186.51, 194.38, 198.75, 86.16, 147.52, 135.79, 186.52, 154.25, 156.35, 131.36, 191.13, 153.50, 161.66, 121.71, 108.36, 176.28, 112.91, 84.41, 104.27, 154.48, 99.46, 0.00, 199.05, 158.62, 140.83, 88.39, 164.33, 164.20},
            {196.99, 147.92, 112.13, 124.36, 140.50, 170.85, 112.80, 128.91, 129.68, 112.69, 99.66, 123.89, 91.91, 102.38, 106.91, 139.33, 138.69, 185.46, 119.70, 137.01, 150.07, 176.39, 160.36, 80.16, 157.87, 167.50, 139.74, 147.88, 150.69, 128.35, 162.94, 99.04, 195.72, 173.69, 120.09, 175.55, 119.17, 105.68, 199.05, 0.00, 142.60, 121.38, 147.42, 122.40, 93.77},
            {101.47, 145.40, 96.55, 130.33, 167.00, 131.60, 178.50, 158.84, 197.83, 102.25, 178.36, 175.60, 101.24, 82.70, 108.73, 120.31, 171.91, 162.07, 87.01, 189.68, 149.45, 88.01, 122.30, 192.49, 183.36, 158.47, 136.50, 176.24, 163.20, 129.56, 147.18, 192.72, 150.67, 165.01, 107.93, 194.00, 199.94, 195.42, 158.62, 142.60, 0.00, 110.78, 138.04, 131.75, 160.25},
            {119.03, 187.54, 182.31, 142.63, 94.54, 145.78, 172.36, 103.27, 191.29, 165.73, 116.38, 83.86, 136.62, 138.33, 122.04, 191.65, 170.76, 108.91, 90.62, 137.74, 107.88, 180.75, 91.45, 118.37, 124.33, 184.41, 183.49, 95.36, 176.00, 124.88, 196.31, 122.36, 160.75, 154.09, 99.45, 101.43, 98.02, 178.90, 140.83, 121.38, 110.78, 0.00, 140.14, 176.90, 98.62},
            {102.57, 171.82, 94.48, 133.83, 101.28, 83.13, 96.18, 184.18, 105.74, 93.75, 127.89, 154.45, 94.33, 195.02, 127.64, 103.79, 132.88, 117.11, 123.64, 103.83, 109.63, 91.38, 118.00, 195.38, 175.43, 173.97, 137.80, 141.60, 181.91, 178.79, 113.43, 199.36, 93.55, 118.49, 156.65, 161.29, 114.57, 88.65, 88.39, 147.42, 138.04, 140.14, 0.00, 171.90, 104.33},
            {164.11, 162.72, 117.33, 90.07, 98.31, 88.74, 110.26, 149.39, 110.85, 148.57, 176.94, 84.25, 128.11, 91.89, 133.83, 125.24, 112.26, 134.31, 157.39, 87.55, 166.12, 128.97, 96.14, 102.97, 190.09, 147.77, 122.74, 160.66, 155.27, 131.41, 126.67, 142.45, 190.66, 106.12, 92.16, 126.38, 144.94, 127.54, 164.33, 122.40, 131.75, 176.90, 171.90, 0.00, 188.27},
            {94.62, 94.60, 90.70, 143.51, 139.86, 178.63, 93.10, 136.57, 122.30, 149.73, 92.35, 82.01, 169.08, 160.95, 197.00, 140.28, 118.85, 196.56, 139.87, 144.38, 119.64, 176.85, 139.72, 173.36, 103.54, 180.74, 180.88, 111.55, 148.44, 114.54, 89.18, 128.81, 158.68, 183.82, 119.90, 111.72, 111.11, 167.47, 164.20, 93.77, 160.25, 98.62, 104.33, 188.27, 0.00},
    };
    public static final double φp = 0.3;  //本例中都取0.2是会得到性质7疯狂降阶的情况，然后通过性质4直接得到了最优解
    public static final double φc = 0.3;
    public static double P;
    public static double C;

    public static void main(String[] args) {
        preHandle();
    }

    public static void preHandle() {
        DecimalFormat decimalFormat = new DecimalFormat("#.00");
        P = Arrays.stream(pi).reduce(0.0, Double::sum) * φp;
        C = Arrays.stream(ci).reduce(0.0, Double::sum) * φc;
        P = Double.parseDouble(decimalFormat.format(P));
        C = Double.parseDouble(decimalFormat.format(C));
        System.out.println("P = " + P);
        System.out.println("C = " + C);
        for (int i = 0; i < pi.length; i++) {
            V.add(new Facility(i + 1, ci[i], pi[i], pi[i] / ci[i]));
        }
    }
}
